1000
833017997
2072393122
1732177675
1588009246
90236639
644675521
879889206
1689105003
749073983
837527374
528343435
606364283
581031505
1504725968
96040991
166430703
628425403
1137414378
340842728
1103889478
420410968
1610705281
489000802
1188903844
191261855
1416702537
1792915193
1996168651
1699645254
471694683
1988947820
385179603
396604157
1573641848
1973188850
486840797
70833721
705594408
28462152
819907704
1543121782
556805587
1426271987
2124153287
2061531555
1522312978
143100343
542473311
512243708
483943071
1646362789
932654676
2094648352
2135363592
2121558520
138426559
1404582481
1766990066
2134595211
956744087
91201101
1976059383
1341923691
487805259
1402217583
1167628893
974646056
1473051304
1873223301
1003108208
145475361
1268861436
1559913796
1571747348
1245531075
1473961703
946576679
1388631418
2016435014
1458820387
1872574489
1515314156
243991416
1819739194
1503194100
218066288
1958165753
760292933
1985056354
1945277316
1717037021
2076257456
1773853052
911477064
416579067
1028586987
2079105957
1391225123
354154644
1804845610
246849683
499630005
926223398
1806763479
2071377353
24270826
1133241535
870470384
1412902244
1002192901
181807124
1137993086
370023409
425798540
810248632
1873217509
643864828
620930737
486026795
481437535
418724406
55580168
410211343
45093810
967057232
826790410
1073680797
898679541
70531885
1427835441
556041503
317381568
1927465446
1482264902
2124145048
1851359152
1506535728
1109902935
574345888
771954324
2112095836
756153012
1909947410
334635598
1181951552
572712394
60369459
1825816381
1193643132
546396254
159770268
1612367538
601976422
569981611
1657461348
1569033654
1396772021
583658497
320229547
1467303906
2011493939
876271051
1784685474
1791475737
211052305
1761346874
1495351241
1717588033
723766161
2069697130
342058709
688378350
678366494
104522472
1023013948
1860318047
677234866
1083383407
1538650780
1870877998
1629779662
1698421048
1335761888
84272436
120919011
845739588
1653306091
1517691032
1429398086
1973535638
837511290
1293408377
702323041
474713116
937400466
913375346
88576343
285268060
483479731
812342504
207481542
825538441
1500720854
885848036
930060913
376251154
598682435
1607295779
1459634562
2137333215
1330690130
941930576
1688270615
518968370
1026203012
1809189626
1364707959
532025455
1179397010
646622397
358077446
2016908300
1940030774
1060400487
344137769
729947592
1973775834
432714112
1015215652
309771917
1245056616
1222697194
1135310358
598293823
2108545231
2065371271
974544977
559744018
1525183403
286695891
549593586
708389885
1228626467
90380553
1227358255
107345832
1899570180
444582566
639371287
931483542
1091204963
997448733
800908195
883752089
2057849221
1145045964
1613699682
1884141407
1577760076
481431686
46429676
675333044
1704128881
1181740035
1273626867
1665190464
1099627658
100688197
77450834
477327413
387384088
627044420
1185717298
1616010556
717424974
265591906
1723356388
469511506
710174472
215244027
1400995048
1801379436
1212692761
54419595
537647877
1123058334
1199465559
3863911
859716093
629741987
485295598
906145769
1305075032
41940831
2087885804
431218251
1707131295
1040029815
531906448
1784582129
1517357228
919290537
264142902
555590879
387817445
981567876
821182785
2111173833
1451079382
1531357257
178934212
704590782
1185253045
1391626973
759010378
1722900923
367201659
1958475937
1726764834
1226917752
440734277
64576784
2133063522
1745809309
106517615
2073465678
29543912
1813648910
966011845
561450361
1450747392
335885426
1480740898
1714890294
891476305
1868558343
548974522
1712659090
1832248528
2000053904
1096532699
2011182740
557161038
134302097
1255326066
1316171416
1857203020
1622527725
1127163706
1436484206
701961830
1567897983
1501060991
687541704
1166223644
1607578606
613523734
1195767556
1273743869
1579535580
1757217917
577007613
1915421006
1090475167
144414259
659413663
811549862
693388781
224589105
496314742
545959037
1321121804
360013835
1103120075
1455423901
1615339901
271807844
1165143273
1090383978
1398971550
454143832
1792345808
819385885
1955204823
332403864
1985609529
1415299781
945927599
1033893437
541560002
377979531
643627707
1118567615
145916889
1734102874
1262981874
805330552
398169089
1956370655
1029919657
894483831
354846044
203557813
1254497666
1457966120
1658981715
722353919
1729773964
676641340
1812737898
981261866
1130785172
1457600058
1800647751
938506347
1790003923
1638773632
206322481
588447874
525183421
747882483
966427405
1168811128
1866450099
1112344294
755430355
981948325
1917674846
1153599444
790835333
800110855
2048083275
1145681377
1003668668
1155097294
456163849
515166735
1877451213
38454165
1191808076
1542705463
1019716031
175109600
852821874
672880134
1113615948
495342149
164170118
1319938429
1083790023
689353540
2067820912
2050217428
1858164668
1786787363
1015078074
466111375
621252041
785269272
1619710819
1412087374
1585380127
1520310447
410285103
441565147
527924093
866448953
956731883
257891658
904903118
1056311
1800597122
1924619150
176165911
505935348
450015636
1289781859
1001277497
614185755
462236640
2085067520
1303539295
382573905
1987801300
1014220315
21877620
855395726
1480331691
643129661
1640664998
952558862
2055217035
1078561477
325385661
318018491
1520126624
853309754
1184467444
329374859
1111201413
2089370562
330431170
764314887
1866506064
506597082
1270250235
169038053
1796378941
124044084
783223808
111131934
61627956
2086763103
493705839
2049429256
953499770
515583459
757341334
286347813
1158713121
250522684
1238906676
1066446508
1329084161
1564292337
1384464999
701727137
270118444
421448795
1031101997
1381319857
363335710
1361533167
2145634744
82358126
1868130249
1268401331
251396179
1517025543
1392445415
1034619987
1628157477
1454073371
973899442
2121863316
1356018979
1927399213
489963127
2113360313
66263378
1648676248
216399349
1305170054
567639109
1545483510
721978744
1952104108
99726999
992097188
226069256
1130828996
225933397
589404966
344878516
224084493
671763092
65525117
1492485824
923159272
1582550660
737447591
1957779259
1063224489
44037314
784195054
1037604157
1400056293
564110619
1527567285
1365932958
630373997
1028759885
1582332307
1935544052
1596398994
980332169
510039148
1401019455
1080059168
1502136336
1627088711
63404517
1728069733
69010029
408283033
1952154226
740773121
473808150
1297156402
1663932393
2056358811
2034603993
1474228005
972099652
2078641307
110939411
2009703810
1331213952
675050030
1389787447
549663262
1305424027
271063684
2131995569
1093484431
1867462679
964844090
1603523579
1120998486
2044903258
958176267
600603549
2108307775
538762352
669613578
369107160
343432930
1410386699
842915311
1640589332
926835445
751790474
1527709677
253579802
1723890126
1458867336
364519213
1586110288
642597640
1039569243
828414087
1192260902
197509622
1099477772
1176772823
1290994054
819456803
2141616913
747033985
1940455289
2039036524
1705210253
393575190
1999860651
96488957
1063188768
221484164
439921888
326091819
1064399475
2080511220
1252927264
1816189949
1460737250
1506507066
1392596427
772120938
1871026279
831223068
1414718579
763111874
1659637155
459495833
960621497
611631279
1636268657
104131903
1431088082
1630401922
851165888
1224059723
1521954798
408892493
1617634913
1374331802
505381451
533340033
1595815966
945303339
859431853
512731793
878330911
2112359117
181438094
191584513
1471382536
1574034521
9637